   130    416.12   126    409.69
   130    416.12   126    409.69
   131    416.66   125    409.15
   130    416.66   126    409.15
   130    408.38   126    417.43
   129    401.19   127    424.62
   129    401.19   127    424.62
   129    399.90   127    425.91
   129    396.36   127    429.45
   129    402.72   127    423.08
   129    402.72   127    423.08
   129    408.05   127    417.76
   129    405.52   127    420.29
   129    407.76   127    418.05
   129    407.76   127    418.05
   129    408.85   127    416.96
   129    410.80   127    415.01
   129    408.02   127    417.79
   129    412.28   127    413.52
   129    412.28   127    413.52
   128    405.49   128    420.31
   128    407.76   128    418.05
   128    413.43   128    412.38
   128    408.40   128    417.41
   129    404.16   127    421.65
   130    397.74   126    428.07
   130    398.09   126    427.71
   130    405.43   126    420.38
   129    405.43   127    420.38
   128    398.15   128    427.66
   129    409.55   127    416.26
   129    404.28   127    421.52
   129    400.51   127    425.29
   129    401.27   127    424.54
   130    399.96   126    425.85
   130    392.67   126    433.14
   130    392.67   126    433.14
   130    395.97   126    429.83
   130    400.27   126    425.53
   130    400.27   126    425.53
   130    387.82   126    437.99
   130    391.69   126    434.11
   130    402.11   126    423.70
   130    395.73   126    430.07
   130    395.73   126    430.07
   131    394.69   125    431.11
   132    393.21   124    432.59
   132    392.02   124    433.79
   131    400.27   125    425.54
   132    400.02   124    425.78
   132    398.37   124    427.44
   132    398.37   124    427.44
   132    400.54   124    425.27
   132    401.15   124    424.66
   131    401.15   125    424.66
   131    401.15   125    424.66
   131    392.75   125    433.05
   132    394.12   124    431.68
   131    394.12   125    431.68
   132    401.26   124    424.54
   132    399.66   124    426.15
   132    400.54   124    425.26
   132    400.54   124    425.26
   132    400.54   124    425.26
   131    400.24   125    425.56
   131    400.24   125    425.56
   131    391.54   125    434.26
   131    386.29   125    439.52
   131    384.48   125    441.33
   131    384.48   125    441.33
   131    384.48   125    441.33
   132    382.21   124    443.59
   132    382.81   124    443.00
   131    389.73   125    436.07
   131    389.73   125    436.07
   131    385.58   125    440.23
   131    385.58   125    440.23
   131    389.05   125    436.75
   131    382.03   125    443.77
   131    381.73   125    444.07
   131    392.68   125    433.13
   130    391.81   126    434.00
   131    386.32   125    439.49
   131    386.32   125    439.49
   131    386.32   125    439.49
   131    390.94   125    434.87
   131    386.53   125    439.28
   131    395.83   125    429.98
   132    395.83   124    429.98
   132    388.99   124    436.81
   132    401.38   124    424.43
   132    401.38   124    424.43
   132    401.38   124    424.43
   132    394.39   124    431.42
   132    385.03   124    440.78
   132    392.80   124    433.00
   133    386.05   123    439.76
   133    386.05   123    439.76
   133    379.35   123    446.46
   133    385.11   123    440.70
   133    385.11   123    440.70
   133    385.64   123    440.17
   133    385.64   123    440.17
   133    381.71   123    444.09
   133    384.16   123    441.65
   133    382.35   123    443.45
   133    382.53   123    443.28
   133    382.53   123    443.28
   133    382.53   123    443.28
   133    382.53   123    443.28
   132    382.13   124    443.67
   132    382.13   124    443.67
   130    382.13   126    443.67
   130    380.86   126    444.95
   130    380.86   126    444.95
   131    382.25   125    443.56
   132    380.25   124    445.56
   133    385.50   123    440.31
   133    385.50   123    440.31
   133    385.50   123    440.31
   134    385.50   122    440.31
   134    385.37   122    440.44
   134    378.64   122    447.17
   134    382.05   122    443.76
   133    382.05   123    443.76
   133    379.29   123    446.52
   132    388.45   124    437.36
   132    378.86   124    446.94
   132    377.05   124    448.76
   132    376.50   124    449.30
   132    376.50   124    449.30
   132    368.08   124    457.73
   133    371.09   123    454.72
   134    375.43   122    450.37
   134    382.17   122    443.64
   134    382.17   122    443.64
   133    385.20   123    440.61
   134    389.03   122    436.77
   133    389.14   123    436.66
   134    383.92   122    441.89
   134    382.92   122    442.88
   134    383.10   122    442.70
   134    382.60   122    443.20
   136    382.60   120    443.20
   136    382.60   120    443.20
   136    382.60   120    443.20
   136    382.60   120    443.20
   136    382.60   120    443.20
   135    382.60   121    443.20
   136    382.34   120    443.46
   136    378.69   120    447.12
   136    378.69   120    447.12
   135    386.39   121    439.41
   135    395.65   121    430.16
   135    395.65   121    430.16
   136    395.65   120    430.16
   135    395.65   121    430.16
   135    392.18   121    433.62
   135    402.62   121    423.19
   134    397.55   122    428.26
   133    399.18   123    426.63
   133    399.18   123    426.63
   134    399.18   122    426.63
   133    387.35   123    438.46
   134    394.16   122    431.65
   134    385.27   122    440.53
   133    385.27   123    440.53
   134    386.98   122    438.82
   134    382.58   122    443.23
   134    387.82   122    437.99
   134    392.51   122    433.30
   134    392.51   122    433.30
   135    392.51   121    433.30
   135    392.51   121    433.30
   135    404.15   121    421.66
   136    398.55   120    427.26
   136    398.55   120    427.26
   136    398.55   120    427.26
   137    395.71   119    430.10
   137    395.71   119    430.10
   136    395.71   120    430.10
   136    391.93   120    433.87
   137    391.93   119    433.87
   137    389.02   119    436.78
   138    398.77   118    427.04
   138    401.59   118    424.21
   139    401.59   117    424.21
   139    401.59   117    424.21
   139    401.48   117    424.32
   140    398.69   116    427.12
   141    389.81   115    435.99
   142    392.77   114    433.04
   142    392.77   114    433.04
   142    392.77   114    433.04
   142    400.72   114    425.09
   142    404.05   114    421.75
   142    400.95   114    424.86
   142    409.06   114    416.74
   141    396.63   115    429.18
   141    394.54   115    431.26
   130    416.12   126    409.69
   130    416.12   126    409.69
   131    416.66   125    409.15
   130    416.66   126    409.15
   130    408.38   126    417.43
   129    401.19   127    424.62
   129    401.19   127    424.62
   129    399.90   127    425.91
   129    396.36   127    429.45
   129    402.72   127    423.08
   129    402.72   127    423.08
   129    408.05   127    417.76
   129    405.52   127    420.29
   129    407.76   127    418.05
   129    407.76   127    418.05
   129    408.85   127    416.96
   129    410.80   127    415.01
   129    408.02   127    417.79
   129    412.28   127    413.52
   129    412.28   127    413.52
   128    405.49   128    420.31
   128    407.76   128    418.05
   128    413.43   128    412.38
   128    408.40   128    417.41
   129    404.16   127    421.65
   130    397.74   126    428.07
   130    398.09   126    427.71
   130    405.43   126    420.38
   129    405.43   127    420.38
   128    398.15   128    427.66
   129    409.55   127    416.26
   129    404.28   127    421.52
   129    400.51   127    425.29
   129    401.27   127    424.54
   130    399.96   126    425.85
   130    392.67   126    433.14
   130    392.67   126    433.14
   130    395.97   126    429.83
   130    400.27   126    425.53
   130    400.27   126    425.53
   130    387.82   126    437.99
   130    391.69   126    434.11
   130    402.11   126    423.70
   130    395.73   126    430.07
   130    395.73   126    430.07
   131    394.69   125    431.11
   132    393.21   124    432.59
   132    392.02   124    433.79
   131    400.27   125    425.54
   132    400.02   124    425.78
   132    398.37   124    427.44
   132    398.37   124    427.44
   132    400.54   124    425.27
   132    401.15   124    424.66
   131    401.15   125    424.66
   131    401.15   125    424.66
   131    392.75   125    433.05
   132    394.12   124    431.68
   131    394.12   125    431.68
   132    401.26   124    424.54
   132    399.66   124    426.15
   132    400.54   124    425.26
   132    400.54   124    425.26
   132    400.54   124    425.26
   131    400.24   125    425.56
   131    400.24   125    425.56
   131    391.54   125    434.26
   131    386.29   125    439.52
   131    384.48   125    441.33
   131    384.48   125    441.33
   131    384.48   125    441.33
   132    382.21   124    443.59
   132    382.81   124    443.00
   131    389.73   125    436.07
   131    389.73   125    436.07
   131    385.58   125    440.23
   131    385.58   125    440.23
   131    389.05   125    436.75
   131    382.03   125    443.77
   131    381.73   125    444.07
   131    392.68   125    433.13
   130    391.81   126    434.00
   131    386.32   125    439.49
   131    386.32   125    439.49
   131    386.32   125    439.49
   131    390.94   125    434.87
   131    386.53   125    439.28
   131    395.83   125    429.98
   132    395.83   124    429.98
   132    388.99   124    436.81
   132    401.38   124    424.43
   132    401.38   124    424.43
   132    401.38   124    424.43
   132    394.39   124    431.42
   132    385.03   124    440.78
   132    392.80   124    433.00
   133    386.05   123    439.76
   133    386.05   123    439.76
   133    379.35   123    446.46
   133    385.11   123    440.70
   133    385.11   123    440.70
   133    385.64   123    440.17
   133    385.64   123    440.17
   133    381.71   123    444.09
   133    384.16   123    441.65
   133    382.35   123    443.45
   133    382.53   123    443.28
   133    382.53   123    443.28
   133    382.53   123    443.28
   133    382.53   123    443.28
   132    382.13   124    443.67
   132    382.13   124    443.67
   130    382.13   126    443.67
   130    380.86   126    444.95
   130    380.86   126    444.95
   131    382.25   125    443.56
   132    380.25   124    445.56
   133    385.50   123    440.31
   133    385.50   123    440.31
   133    385.50   123    440.31
   134    385.50   122    440.31
   134    385.37   122    440.44
   134    378.64   122    447.17
   134    382.05   122    443.76
   133    382.05   123    443.76
   133    379.29   123    446.52
   132    388.45   124    437.36
   132    378.86   124    446.94
   132    377.05   124    448.76
   132    376.50   124    449.30
   132    376.50   124    449.30
   132    368.08   124    457.73
   133    371.09   123    454.72
   134    375.43   122    450.37
   134    382.17   122    443.64
   134    382.17   122    443.64
   133    385.20   123    440.61
   134    389.03   122    436.77
   133    389.14   123    436.66
   134    383.92   122    441.89
   134    382.92   122    442.88
   134    383.10   122    442.70
   134    382.60   122    443.20
   136    382.60   120    443.20
   136    382.60   120    443.20
   136    382.60   120    443.20
   136    382.60   120    443.20
   136    382.60   120    443.20
   135    382.60   121    443.20
   136    382.34   120    443.46
   136    378.69   120    447.12
   136    378.69   120    447.12
   135    386.39   121    439.41
   135    395.65   121    430.16
   135    395.65   121    430.16
   136    395.65   120    430.16
   135    395.65   121    430.16
   135    392.18   121    433.62
   135    402.62   121    423.19
   134    397.55   122    428.26
   133    399.18   123    426.63
   133    399.18   123    426.63
   134    399.18   122    426.63
   133    387.35   123    438.46
   134    394.16   122    431.65
   134    385.27   122    440.53
   133    385.27   123    440.53
   134    386.98   122    438.82
   134    382.58   122    443.23
   134    387.82   122    437.99
   134    392.51   122    433.30
   134    392.51   122    433.30
   135    392.51   121    433.30
   135    392.51   121    433.30
   135    404.15   121    421.66
   136    398.55   120    427.26
   136    398.55   120    427.26
   136    398.55   120    427.26
   137    395.71   119    430.10
   137    395.71   119    430.10
   136    395.71   120    430.10
   136    391.93   120    433.87
   137    391.93   119    433.87
   137    389.02   119    436.78
   138    398.77   118    427.04
   138    401.59   118    424.21
   139    401.59   117    424.21
   139    401.59   117    424.21
   139    401.48   117    424.32
   140    398.69   116    427.12
   141    389.81   115    435.99
   142    392.77   114    433.04
   142    392.77   114    433.04
   142    392.77   114    433.04
   142    400.72   114    425.09
   142    404.05   114    421.75
   142    400.95   114    424.86
   142    409.06   114    416.74
   141    396.63   115    429.18
   141    394.54   115    431.26
